cux1.jeff.3c.lr <- c(
    0.6291451872644013,
    0.641943967981704,
    0.5930293052145391,
    0.6404183077549912,
    0.6061457803455331,
    0.6253290628290628,
    0.624114774114774,
    0.5559653782652036,
    0.584556575514667,
    0.5727655330435867,
    0.5458721519840265,
    0.5875598506276228,
    0.608704758024453,
    0.6099173191038263,
    0.6103366414823589,
    0.6059711990081778,
    0.6786261570736286,
    0.5734422355781579,
    0.6030833336200133,
    0.6215483927872504,
    0.5858484922470767,
    0.6140859123133157,
    0.5921899529042386,
    0.5550828553960363,
    0.583859649122807,
    0.5646584562024821,
    0.5230987654320988,
    0.5334956227983598,
    0.6467671533992777,
    0.6221520664036807,
    0.5935181329523033,
    0.6614531538293149,
    0.5887859729369164,
    0.6380777014697588,
    0.5900673400673401,
    0.5998612819586987,
    0.5255913978494623,
    0.5795247742616163,
    0.5763860622943279,
    0.6054899120225753,
    0.5859796371607396,
    0.6325728923042656,
    0.6204541172036934,
    0.5736059491332631,
    0.61098372585609,
    0.5909774794685281,
    0.5652472527472527,
    0.6165356028798843,
    0.6155626431735112,
    0.6250435867109393,
    0.6195308813333228,
    0.6625700892628661,
    0.6525585844093735,
    0.6059206798208944,
    0.6642533936651585,
    0.671880258025376,
    0.633562227973458,
    0.6074864817721961,
    0.6251410694803573,
    0.6511566199795257,
    0.585026947402086,
    0.6819125159642402,
    0.6531676955405769,
    0.6140913031360554,
    0.664913346364619,
    0.6562154166813309,
    0.6636636636636637,
    0.6281054024509521,
    0.6043243269080251,
    0.6691993418741796,
    0.6954852715177697,
    0.6670710264832963,
    0.6867067106138144,
    0.6004442529421757,
    0.5471486866226015,
    0.5650444597754015,
    0.6496463727762856,
    0.6646158348528849,
    0.6040958372373176,
    0.6518423092773998,
    0.6259933464657874,
    0.6485517241379312,
    0.6550195045751295,
    0.6903612939571843,
    0.6811333675740455,
    0.6675307136263449,
    0.6685212478506509,
    0.66204124728826,
    0.6409934890615372,
    0.6365978170973251,
    0.6283593289284878,
    0.6526819647709092,
    0.6168906927597814,
    0.6555717948603346,
    0.6037386414604925,
    0.652536767435425,
    0.6403407481755258,
    0.6296077735263567,
    0.6506844976280898,
    0.641699921427263,
    0.5820096595898548,
    0.6412563334255504,
    0.6858990966407846,
    0.6752136752136751,
    0.6282529730805594,
    0.6621248009258133,
    0.61515707874337,
    0.6731371921969939,
    0.6654529405274191,
    0.6201614067579745,
    0.6534445268365378,
    0.6293188634202459,
    0.6343973681093629,
    0.6293847094122503,
    0.6385970099758164,
    0.5989729225023344,
    0.6629254148142437,
    0.677151875033435,
    0.6167268357215199,
    0.6176994301994302,
    0.6677522349936144,
    0.6530458301028881,
    0.6861095509374415,
    0.6568436976526237,
    0.6431652770783205,
    0.6658534702927227,
    0.6406385891986637,
    0.6558683407067041,
    0.6097784441112778,
    0.6035911659302186,
    0.6149737755184378,
    0.6438787571766295,
    0.6580107452817192,
    0.6591311754713082,
    0.6063583813041532,
    0.6468459235218612,
    0.6186269169072102,
    0.6421938581193498,
    0.5681987640484418,
    0.6884854571134653,
    0.5978582820688084,
    0.6076992205659687,
    0.6475460891820379,
    0.632482460068667,
    0.6159772779447027,
    0.7102778437604865,
    0.6366765274156113,
    0.6193718597065789,
    0.6810400976260039,
    0.6308032949337297,
    0.6355598492069626,
    0.6519607376750234,
    0.7115251897860594,
    0.659721906723406,
    0.6780285990812307,
    0.6340117037534011,
    0.5957596954682353,
    0.6340588960484822,
    0.683426977319391,
    0.6273476452504585,
    0.638006822134265,
    0.6249680110461292,
    0.674663494749578,
    0.6395001815667402,
    0.6539393842637494,
    0.6480652901705533,
    0.6470197667823995,
    0.6619552035373536,
    0.6233930268283422,
    0.6910284683413156,
    0.6660218764505257,
    0.6436070853462157,
    0.6717086834733893,
    0.6726832678489257,
    0.6477948717948717,
    0.6118028792160931,
    0.6429450889945019,
    0.6344959189122185,
    0.7044384483866083,
    0.5920817667647192,
    0.616689029506606,
    0.6743827160493826,
    0.6609045430496,
    0.6371139971139971,
    0.6528001034732981,
    0.6391723513208732,
    0.6360166699081788,
    0.6265670370388364,
    0.6625837755348265,
    0.6189109852579645,
    0.642742412802555,
    0.5724168516359628,
    0.6689766421473738,
    0.6146838021352093,
    0.5905414726225336,
    0.649436565879848,
    0.6700311190257766,
    0.6812744268766132,
    0.6738689253540739,
    0.6513098155041889,
    0.6894917947549527,
    0.6548987032165766,
    0.6209673909533656,
    0.6951941699111511,
    0.6273627700174701,
    0.6918067146204029,
    0.673727552466623,
    0.6200412439502437,
    0.6625486907472808,
    0.6753058884835852,
    0.6243277719655672,
    0.6806993606462398,
    0.654270907621357,
    0.6662124309183132,
    0.6877165666053893,
    0.6655010571328563,
    0.6292270531400965,
    0.6925925925925926,
    0.6054402806171106,
    0.6221713704551234,
    0.6848047407074551,
    0.6874405568127826,
    0.6448995331285893,
    0.7013087599973731,
    0.6612466124661247,
    0.6290394980611754,
    0.6283846872082166,
    0.6598718874535292,
    0.648349239921838,
    0.6163137834586901,
    0.644057181208884,
    0.6522213966987752,
    0.6105188188585298,
    0.6905717012328418,
    0.6523719297056428,
    0.6571860598245624,
    0.5788937973081195,
    0.6206314558764899,
    0.6855754543623757,
    0.6709206177323699,
    0.6516634057354348,
    0.6786425613259718,
    0.6668795856029965,
    0.648888888888889,
    0.6993461951270911,
    0.657125359294436,
    0.6352814731478367,
    0.688567981748904,
    0.6460774439035308,
    0.6900522452372871,
    0.673018928636906,
    0.6546031746031745,
    0.655830341709879,
    0.6693391526118685,
    0.6938990560238972,
    0.679946524064171,
    0.6678606965174129,
    0.6393846936181032,
    0.6747967479674797,
    0.692735490959944,
    0.688252763570368,
    0.71409584897957,
    0.7115205038575642,
    0.6886961209537112,
    0.6983158432574775,
    0.6976183248196671,
    0.7193415412593495,
    0.6463351626101407,
    0.6990359670381645,
    0.669864960909737,
    0.6710413504806029,
    0.7189975257045588,
    0.6685190984486734,
    0.6747628685954677,
    0.7216892696344752,
    0.6428955698182137,
    0.7073546544402269,
    0.6381089501870176,
    0.6796786559220082,
    0.65596561514853,
    0.6663029641753047,
    0.7122099568991781,
    0.6432149638328587,
    0.6836591979449121,
    0.6879286112351982,
    0.7134555622530306,
    0.6773628811862435,
    0.7251043530113298,
    0.700129556075043,
    0.6727782021899668,
    0.6610266312783476,
    0.6762312645212178,
    0.654798441836803,
    0.667517839822668,
    0.6882460973370064,
    0.7023809523809524,
    0.6659000563731549,
    0.71145971371608,
    0.698763252314346,
    0.6911011999575236,
    0.608722379788544,
    0.5091229273870783,
    0.5580869258880733,
    0.6104575163398693,
    0.5902923864771253,
    0.545748527905786,
    0.5748013315467869,
    0.509863573429465,
    0.5811802633230497,
    0.5096966205837173,
    0.5549752230250156,
    0.5035114257296734,
    0.5966332677282757,
    0.5982245342170988,
    0.609565725191927,
    0.5659541661879476,
    0.6393903480090585,
    0.5407824551126732,
    0.6407447447447447,
    0.5633149811648798,
    0.5230325230325231,
    0.5772005772005772,
    0.5645061543679055,
    0.5689283695177089,
    0.5949067277512095,
    0.612608518237672,
    0.5397607511428649,
    0.6067518059710181,
    0.5986767886898293,
    0.6072765424577791,
    0.5478882808428264,
    0.5968542324689347,
    0.5996346843121038,
    0.5622026207417882,
