mouse_tf.3c.lr <- c(
	0.6839242571375013,
    0.7184271092690309,
    0.6490747532481278,
    0.6177411460790913,
    0.6989864421009456,
    0.6684611707521925,
    0.6149880335572878,
    0.6971681322529731,
    0.6775910364145658,
    0.6303598531577806,
    0.6944039941751613,
    0.6259919984145379,
    0.6411657559198543,
    0.6602050478336109,
    0.6540093640487126,
    0.6759317717496168,
    0.7060884765362377,
    0.713082963855662,
    0.6398703041144901,
    0.645642270961964,
    0.6615388058580068,
    0.7069970425762081,
    0.686257462470295,
    0.640830069401498,
    0.681478008237717,
    0.7221977052074141,
    0.6736621723694584,
    0.6912031696166377,
    0.604612959007222,
    0.6770263002245196,
    0.6472701149425287,
    0.6414114168115247,
    0.6678296056800171,
    0.6657182962019857,
    0.638236466835538,
    0.6702383485848054,
    0.5955555555555556,
    0.6295389288653116,
    0.6853414731802041,
    0.6579523272882816,
    0.696357978753498,
    0.6483660130718953,
    0.6620074232014531,
    0.680706036408908,
    0.6814531322239273,
    0.6510351117191062,
    0.716846055100227,
    0.6716719252892903,
    0.7152218152218152,
    0.5934833258567122,
    0.6818968958977942,
    0.6617550609121049,
    0.6343519494204426,
    0.6714783620613217,
    0.7077265569488627,
    0.6604938271604938,
    0.6311202357597481,
    0.6462940933181541,
    0.6455910212353512,
    0.6054113128738806,
    0.640589929650277,
    0.6378504776029803,
    0.6428045602417645,
    0.6798271173271173,
    0.6733906907712606,
    0.6933182774430643,
    0.6731398126125799,
    0.7120753817668518,
    0.655308942265464,
    0.6657401950724774,
    0.6784564221232025,
    0.6553860102398786,
    0.6475433951162107,
    0.6730309153172637,
    0.7087260237605363,
    0.6616011996196328,
    0.676844916594551,
    0.7305629883743091,
    0.6833227545652857,
    0.6517519475721933,
    0.647400579218761,
    0.6923705186097427,
    0.6613095238095239,
    0.6198498817002528,
    0.6489015105790154,
    0.6518718179095538,
    0.6885829030407344,
    0.6819766808325162,
    0.6984438426501969,
    0.6614803054276687,
    0.6604062220314706,
    0.6744661455913059,
    0.6886722120918783,
    0.6976872504944116,
    0.6707750453880484,
    0.6077635327635328,
    0.6834467120181406,
    0.6025173244553788,
    0.6850955866974173,
    0.6821516359408736,
    0.6936454412182568,
    0.6622640848945105,
    0.6471572388087815,
    0.618281520990753,
    0.6915427823492374,
    0.6956297670583385,
    0.5785175763999293,
    0.6221355208750167,
    0.648395322977513,
    0.6162056693306693,
    0.6871511686701942,
    0.6226803609214676,
    0.6916971916971916,
    0.6605034926102804,
    0.6276683689811665,
    0.6739957967579451,
    0.6635989038434641,
    0.6656044970739454,
    0.6536837767803562,
    0.6730540211915929,
    0.6762594767680437,
    0.6367029297988128,
    0.6375910080603565,
    0.6213618571483936,
    0.6233311290519529,
    0.6743896635544848,
    0.6134609075785546,
    0.6583562486486816,
    0.693074955564226,
    0.6546314926596617,
    0.6593148028442146,
    0.6679927325851849,
    0.5981655426476453,
    0.6403062239195965,
    0.6602491110965687,
    0.649936190022027,
    0.621606347730577,
    0.6623946871947656,
    0.6645064208515985,
    0.7067050442224133,
    0.6107282128350906,
    0.6579950207901563,
    0.6464862298195632,
    0.6825059101654847,
    0.6190658589017002,
    0.5944700460829493,
    0.6477366722464762,
    0.6995117510758027,
    0.6646272646272646,
    0.6672549215711814,
    0.5530563489706382,
    0.5617620305293053,
    0.5499106980342191,
    0.5564482687124196,
    0.5895659275879278,
    0.5389105694703771,
    0.5526152583604443,
    0.5619608840319172,
    0.5637636095659202,
    0.5843656481941264,
    0.5968568644893463,
    0.5689835881651738,
    0.529330212934274,
    0.5930284605915923,
    0.6022546728971963,
    0.5594159066839502,
    0.5612403100775194,
    0.5829795613227069,
    0.5530612923609032,
    0.5941853758527724,
    0.5041478129713425,
    0.6243474837679845,
    0.5178058054344802,
    0.5923675299716299,
    0.6156685621515029,
    0.5830526887561108,
    0.566313406085884,
    0.5046647053208014,
    0.6452708658157871,
    0.5540434359972289,
    0.5610846695047876,
    0.5105408698912636,
    0.5736743647464316,
    0.5889080843568227,
    0.588519811780623,
    0.5906366807348075,
    0.5405039168954455,
    0.5552554601668332,
    0.4560236495105956,
    0.5312896667733047,
    0.599906718663489,
    0.5610365339890304,
    0.5814737938168341,
    0.5336202239964382,
    0.6198719075009093,
    0.5066721777002151,
    0.6072951129985351,
    0.5121151753712239,
    0.47792415766596497,
    0.5239940937615357,
    0.6569981278387366,
    0.6603219527535148,
    0.6468648192863439,
    0.648576137365375,
    0.6688635370224669,
    0.7401322724902073,
    0.7173278948246611,
    0.6217972850421164,
    0.6958015102481122,
    0.7044045421480396,
    0.7060884765362377,
    0.6714650087677349,
    0.6647992530345471,
    0.697168538561291,
    0.6167502587373617,
    0.6783643910132849,
    0.7181259600614439,
    0.6718639024656752,
    0.6388116065535421,
    0.6476859306972029,
    0.7143338143338144,
    0.655947801969854,
    0.7149717514124293,
    0.6513861358496886,
    0.7352299690536362,
    0.6877163827724692,
    0.7125581317721056,
    0.6237462759201889,
    0.6127349335122018,
    0.6593604593604593,
    0.6591086213832399,
    0.5866676977680682,
    0.7025452461895548,
    0.678542865624431,
    0.6893428205948192,
    0.6753539571292242,
    0.7275580754390109,
    0.7073267435024541,
    0.7001672856234736,
    0.6442850235419895,
    0.6177471273620928,
    0.6600629248267044,
    0.6143301194492935,
    0.650079920708908,
    0.6739221338659928,
    0.647942097026604,
    0.6746700224381984,
    0.6685363724051547,
    0.671516917422832,
    0.6763253577292986,
    0.706069923283038,
    0.6544903359796335,
    0.6822132914272956,
    0.6524036405839595,
    0.645008547008547,
    0.6763931864353806,
    0.6521203868243128,
    0.69697267686124,
    0.6803030303030302,
    0.6338922795738448,
    0.6855704620500149,
    0.6283337313908128,
    0.6552521179537308,
    0.6767868007626793,
    0.6152521500039231,
    0.6723646723646723,
    0.6745913842007115,
    0.6431304857827964,
    0.7179017633625769,
    0.6698075947391016,
    0.6406311615334719,
    0.7129282407407408,
    0.6747114228918072,
    0.6718985290237414,
    0.6716064492140853,
    0.659276765265679,
    0.685406437534097,
    0.6918097683624888,
    0.7012812567425505,
    0.6809981110093092,
    0.6462327796600132,
    0.6234095073675284,
    0.6695514245125979,
    0.6649866987662882,
    0.6581684588309867,
    0.6872338023831123,
    0.6994876390037681,
    0.6789190191443009,
    0.6808365005313687,
    0.6177923474087613,
    0.7045420976447602,
    0.6490729689950975,
    0.6720404630104445,
    0.6583887953750968,
    0.6647737540722315,
    0.7095736828455722,
    0.6167576760608636,
    0.6801164495339252,
    0.6399813911851688,
    0.7067037402100412,
    0.6756397078298969,
    0.7131465026201868,
    0.6301531996209441,
    0.6936647173489279,
    0.7113720681632397,
    0.6528627487331603,
    0.6819906380881992,
    0.6820151901287804,
    0.6563186813186812,
    0.6484175279307125,
    0.6752636158194866,
    0.6684677451437788,
    0.6262080042832285,
    0.7005994587016974,
    0.6720151557185096,
    0.6349452604940309,
    0.6607988022795326,
    0.7367440069994803,
    0.7185024630541871,
    0.697858988556663,
    0.7217617945220073,
    0.6790020485806263,
    0.6480907183946764,
    0.6836548225437115,
    0.6398399155717566,
    0.6867061541443237,
    0.6663147150952029,
    0.6816614750661487,
    0.655008547008547,
    0.6448837519386372,
    0.6846310868522361,
    0.6573254350119982,
    0.6614151047286796,
    0.7201691887213205,
