most_var.3c.lr <- c(
	0.7332752124418791,
    0.7249220678887287,
    0.7807068548045871,
    0.7576694216828037,
    0.8038721281660383,
    0.7658929305988128,
    0.7754798359730288,
    0.762329576458488,
    0.7501839428322548,
    0.755486176171587,
    0.7506835895371363,
    0.781482794866613,
    0.7332534005495379,
    0.7812805474095796,
    0.7704819452392268,
    0.7825744214633102,
    0.7592436974789916,
    0.7456496969324214,
    0.7569029767336666,
    0.7906759700417436,
    0.7704800619434765,
    0.7518915157635119,
    0.7621685383886612,
    0.738046095631235,
    0.7834348233588373,
    0.8109031682389017,
    0.7069844226722877,
    0.7859532096407397,
    0.794155363238679,
    0.7713379755488784,
    0.7630236733720581,
    0.7771929824561402,
    0.801707795781028,
    0.7498427850156474,
    0.7143473741697938,
    0.7785145798530472,
    0.7559578839239856,
    0.7505407291121577,
    0.7576881720430108,
    0.7537157397435719,
    0.8011057745403095,
    0.7572470762688154,
    0.7734228158940128,
    0.7607151927540278,
    0.7843525037447788,
    0.7934790884864307,
    0.7780072476532954,
    0.7228736021687564,
    0.7291587325906308,
    0.7142467142467143,
    0.7265266702606855,
    0.7078585750099683,
    0.7252077785846849,
    0.7150055898109159,
    0.7580508952182772,
    0.7147051137413873,
    0.7618120982088383,
    0.7717811784782923,
    0.7311370721640431,
    0.75702994376045,
    0.7794418295060144,
    0.7676397591829723,
    0.6977083032957677,
    0.7191138373581872,
    0.7370743358438822,
    0.7629482301395134,
    0.7047030495371175,
    0.7243865540808772,
    0.7529575686955511,
    0.7122475453217173,
    0.773816138775325,
    0.6822649572649572,
    0.7930539992897581,
    0.7486780709801594,
    0.7147082868822,
    0.7211981133848208,
    0.7106971094730673,
    0.7422364902593972,
    0.7525116845371352,
    0.7220175294247769,
    0.7582446932261276,
    0.6987179487179486,
    0.701044253138459,
    0.7486455888202612,
    0.7369599908885859,
    0.7276824834201884,
    0.7376554328763545,
    0.7583108388412683,
    0.7441674742669192,
    0.7008762046291052,
    0.7427888065056206,
    0.7144740546673614,
    0.729131644423194,
    0.7634342313808419,
    0.7194769452051006,
    0.7151917048468773,
    0.7628344671201814,
    0.7651680962239968,
    0.7491249491249491,
    0.7205612878237933,
    0.770343575323596,
    0.7530921276633872,
    0.7248599439775911,
    0.7896761346419052,
    0.7200727837381704,
    0.7727747580999057,
    0.7313006606963116,
    0.7687082025557422,
    0.7232973902172214,
    0.7923735475295497,
    0.7290802841832158,
    0.7610660807716428,
    0.7278997967522557,
    0.7761676251412322,
    0.727914627914628,
    0.6789863927393999,
    0.7585217557650102,
    0.7086852752357978,
    0.7565955399216832,
    0.7208277116066291,
    0.750058472575169,
    0.7510374042881783,
    0.789402796294397,
    0.7671898638860766,
    0.7558116718819387,
    0.7215870140948234,
    0.7822268326417704,
    0.7581550867315894,
    0.724677233753109,
    0.7484396462245094,
    0.7859067417477695,
    0.776994297919408,
    0.7436905516409467,
    0.7771715295513765,
    0.7740750724442348,
    0.7345181087458927,
    0.7874775635072447,
    0.710105580693816,
    0.7676902724638343,
    0.7733910274338734,
    0.7502509411703672,
    0.7695840110066577,
    0.762084173686966,
    0.7495822890559732,
    0.7857647560281377,
    0.7549398460726292,
    0.7445196497050836,
    0.767302338432787,
    0.6770888313906146,
    0.7566888547533708,
    0.8151207728309707,
    0.8049350439764383,
    0.7664187280170675,
    0.743013468013468,
    0.7501057481526797,
    0.7618595001447458,
    0.7652317241358338,
    0.7925315842916661,
    0.7512292738707832,
    0.728340664512039,
    0.7610066750700645,
    0.7615921905242784,
    0.7592536726645837,
    0.7234820186039697,
    0.706730140138812,
    0.7449709335255923,
    0.7726482432498872,
    0.7131593193063974,
    0.7848968468437495,
    0.76303401925056,
    0.8082148828523658,
    0.7732272785491977,
    0.7138336855793282,
    0.7527324298447208,
    0.7630903717860239,
    0.7476288300542103,
    0.7777252493876027,
    0.7943976729583926,
    0.7734614313561682,
    0.7566345290239096,
    0.768886846444846,
    0.7635782427449094,
    0.7030740568234747,
    0.7392619155445059,
    0.7736111111111111,
    0.7466624161981491,
    0.7458340746011979,
    0.7376435474534855,
    0.7921802798840655,
    0.7677449375822344,
    0.8041827172636123,
    0.7433894659432324,
    0.7620830072312806,
    0.7375656175656177,
    0.7910237864120452,
    0.8234330319190045,
    0.7470618913364522,
    0.7711045235915545,
    0.7307193080364948,
    0.7621418900334765,
    0.7011014507957739,
    0.7318661424839664,
    0.7382747038209224,
    0.7156405144288464,
    0.7658040470874085,
    0.7833988641328092,
    0.8132017034456059,
    0.7160050626587825,
    0.7358845129238967,
    0.7305819468205549,
    0.7553033995392613,
    0.7121416613614393,
    0.778337963719562,
    0.790298638559508,
    0.7139521028921011,
    0.7453941255216948,
    0.8061102577231609,
    0.7471842283012494,
    0.7614390130844345,
    0.7335913107379763,
    0.7312096633525206,
    0.7760216835749753,
    0.7079974231189352,
    0.7295403244520388,
    0.7009619525146067,
    0.7493909761537143,
    0.771898756783027,
    0.7742907640714219,
    0.7441161162669658,
    0.7564484026583003,
    0.7944292113785361,
    0.7209998754563683,
    0.7836486225692286,
    0.7427933117182169,
    0.7537441856035106,
    0.7672939068100358,
    0.771145440710658,
    0.7297209261782531,
    0.7146370095767686,
    0.7335951856359214,
    0.768626452282558,
    0.7820543855402242,
    0.7830777404866329,
    0.7453646288141996,
    0.7541978670297255,
    0.7001897761895681,
    0.789117611652823,
    0.7252297590046699,
    0.6967291970027909,
    0.7732163856428431,
    0.7058182397100065,
    0.7596140201504186,
    0.7677344464974284,
    0.789471438606757,
    0.7831530996236878,
    0.7541880341880343,
    0.8199299231117855,
    0.8015560249044063,
    0.7602707749766573,
    0.7461999694557835,
    0.7178501291989665,
    0.7870197783990887,
    0.7748783266024645,
    0.8022148364378348,
    0.705198841562478,
    0.7532371309461091,
    0.7702614016601039,
    0.7524322169059011,
    0.7572991219792256,
    0.7926162666078015,
    0.7471804511278196,
    0.7894574453526418,
    0.7629229095271249,
    0.7746129440913014,
    0.7294541901994197,
    0.7862336796320292,
    0.7728597416082685,
    0.7788721372747963,
    0.767660638707195,
    0.7896864581116549,
    0.7821209775289191,
    0.7676846873755476,
    0.7453431279260077,
    0.7986513409961686,
    0.7386330532212885,
    0.7572470762688153,
    0.7904943958970719,
    0.760055357394901,
    0.7835936497460998,
    0.7532929763018478,
    0.777283496575532,
    0.7316414311461917,
    0.7688792471401168,
    0.7718334987838533,
    0.7665551839464882,
    0.6946541274817136,
    0.7380169746855256,
    0.8003370685905798,
    0.7060948977566012,
    0.754540995592321,
    0.7159846309191287,
    0.7596766608893265,
    0.7087163217300203,
    0.751448716344708,
    0.7479197819314644,
    0.7634130575307045,
    0.7992226506749328,
    0.7325585508215081,
    0.7222146125519856,
    0.771450038833474,
    0.7367006020799124,
    0.7722585184159473,
    0.746339275852166,
    0.7470272388790908,
    0.7489648033126294,
    0.7258789990497309,
    0.7672907268000911,
    0.7148976095292485,
    0.7519638868754015,
    0.7197491671565746,
    0.7829870788774898,
    0.7742656449553001,
    0.7752705627705628,
    0.69882675319068,
    0.736157796451914,
    0.7216909574864121,
    0.7888269226252739,
    0.6950801461463025,
    0.7337305923509296,
    0.7726004635095544,
    0.7517268978816101,
    0.7654347745812483,
    0.727720253726647,
    0.6736949980052532,
