prog.neu.3c.lr.ba <- c(
    0.74,
    0.72,
    0.76,
    0.76,
    0.69,
    0.73,
    0.78,
    0.79,
    0.68,
    0.66,
    0.72,
    0.71,
    0.74,
    0.69,
    0.58,
    0.77,
    0.59,
    0.71,
    0.68,
    0.73,
    0.66,
    0.68,
    0.68,
    0.57,
    0.78,
    0.74,
    0.76,
    0.69,
    0.63,
    0.69,
    0.59,
    0.77,
    0.71,
    0.72,
    0.63,
    0.62,
    0.69,
    0.73,
    0.66,
    0.81,
    0.76,
    0.73,
    0.72,
    0.71,
    0.82,
    0.68,
    0.70,
    0.66,
    0.74,
    0.65,
    0.71,
    0.70,
    0.82,
    0.79,
    0.64,
    0.74,
    0.71,
    0.78,
    0.70,
    0.73,
    0.67,
    0.71,
    0.68,
    0.68,
    0.63,
    0.69,
    0.74,
    0.76,
    0.75,
    0.61,
    0.68,
    0.60,
    0.80,
    0.71,
    0.78,
    0.66,
    0.68,
    0.68,
    0.72,
    0.72,
    0.68,
    0.79,
    0.74,
    0.67,
    0.74,
    0.74,
    0.72,
    0.67,
    0.74,
    0.69,
    0.61,
    0.83,
    0.79,
    0.72,
    0.67,
    0.73,
    0.74,
    0.71,
    0.65,
    0.69,
    0.70,
    0.73,
    0.59,
    0.80,
    0.74,
    0.61,
    0.80,
    0.73,
    0.68,
    0.77,
    0.80,
    0.68,
    0.66,
    0.62,
    0.74,
    0.67,
    0.78,
    0.75,
    0.76,
    0.77,
    0.75,
    0.77,
    0.71,
    0.80,
    0.71,
    0.79,
    0.76,
    0.64,
    0.72,
    0.80,
    0.63,
    0.86,
    0.73,
    0.74,
    0.73,
    0.64,
    0.81,
    0.71,
    0.71,
    0.72,
    0.75,
    0.73,
    0.71,
    0.64,
    0.68,
    0.71,
    0.67,
    0.73,
    0.83,
    0.75,
    0.63,
    0.68,
    0.75,
    0.73,
    0.76,
    0.68,
    0.73,
    0.64,
    0.84,
    0.67,
    0.75,
    0.79,
    0.65,
    0.71,
    0.73,
    0.70,
    0.85,
    0.67,
    0.71,
    0.77,
    0.76,
    0.69,
    0.74,
    0.77,
    0.77,
    0.74,
    0.77,
    0.68,
    0.70,
    0.70,
    0.58,
    0.76,
    0.71,
    0.75,
    0.59,
    0.74,
    0.66,
    0.73,
    0.71,
    0.78,
    0.73,
    0.74,
    0.68,
    0.75,
    0.73,
    0.74,
    0.72,
    0.77,
    0.74,
    0.72,
    0.69,
    0.51,
    0.64,
    0.66,
    0.71,
    0.73,
    0.71,
    0.68,
    0.70,
    0.75,
    0.68,
    0.70,
    0.70,
    0.80,
    0.64,
    0.73,
    0.74,
    0.67,
    0.79,
    0.66,
    0.71,
    0.75,
    0.74,
    0.74,
    0.68,
    0.73,
    0.71,
    0.78,
    0.73,
    0.77,
    0.71,
    0.79,
    0.72,
    0.71,
    0.72,
    0.76,
    0.63,
    0.72,
    0.78,
    0.72,
    0.84,
    0.67,
    0.73,
    0.80,
    0.80,
    0.71,
    0.71,
    0.64,
    0.80,
    0.78,
    0.74,
    0.69,
    0.76,
    0.72,
    0.72,
    0.68,
    0.75,
    0.79,
    0.66,
    0.70,
    0.79,
    0.78,
    0.72,
    0.73,
    0.79,
    0.75,
    0.69,
    0.82,
    0.69,
    0.75,
    0.68,
    0.71,
    0.79,
    0.79,
    0.65,
    0.75,
    0.69,
    0.80,
    0.72,
    0.80,
    0.59,
    0.73,
    0.75,
    0.75,
    0.73,
    0.78,
    0.76,
    0.78,
    0.85,
    0.66,
    0.69,
    0.73,
    0.74,
    0.75,
    0.67,
    0.75,
    0.73,
    0.76,
    0.79,
    0.79,
    0.68,
    0.84,
    0.74,
    0.76,
    0.78,
    0.72,
    0.71,
    0.76,
    0.69,
    0.73,
    0.64,
    0.72,
    0.69,
    0.79,
    0.64,
    0.76,
    0.74,
    0.63,
    0.71,
    0.69,
    0.74,
    0.78,
    0.75,
    0.76,
    0.74,
    0.70,
    0.70,
    0.78,
    0.65,
    0.67,
    0.65,
    0.67,
    0.73,
    0.64,
    0.76,
    0.77,
    0.74,
    0.79,
    0.69,
    0.77,
    0.66,
    0.74,
    0.80,
    0.72,
    0.72,
    0.79,
    0.66,
    0.71,
    0.76,
    0.69,
    0.77,
    0.67,
    0.61,
    0.76,
    0.70,
    0.66,
    0.71,
    0.72,
    0.78,
    0.73,
    0.62,
    0.62,
    0.70,
    0.72,
    0.73,
    0.58,
    0.59,
    0.69,
    0.74,
    0.76,
    0.68,
    0.73,
    0.66,
    0.58,
    0.69,
    0.66,
    0.69,
    0.72,
    0.75,
    0.73,
    0.81,
    0.70,
    0.75,
    0.72,
    0.78,
    0.70,
    0.79,
    0.64,
    0.61,
    0.74,
    0.73,
    0.80,
    0.73,
    0.73,
    0.75,
    0.78,
    0.69,
    0.74,
    0.67,
    0.64,
    0.70,
    0.70,
    0.69,
    0.77,
    0.70,
    0.70,
    0.76,
    0.76,
    0.70,
    0.70,
    0.71,
    0.82,
    0.70,
    0.67,
    0.74,
    0.81,
    0.67,
    0.70,
    0.75,
    0.83,
    0.71,
    0.72,
    0.63,
    0.73,
    0.74,
    0.78,
    0.64,
    0.72,
    0.72,
    0.72,
    0.78,
    0.72,
    0.69,
    0.75,
    0.67,
    0.70,
    0.68,
    0.78,
    0.67,
    0.68,
    0.77,
    0.75,
    0.73,
    0.67,
    0.67,
    0.68,
    0.72,
    0.72,
    0.61,
    0.75,
    0.57,
    0.67,
    0.74,
    0.67,
    0.67,
    0.79,
    0.71,
    0.71,
    0.74,
    0.76,
    0.74,
    0.70,
    0.69,
    0.72,
    0.72,
    0.72,
    0.68,
    0.69,
    0.67,
    0.69,
    0.55,
    0.68,
    0.74,
    0.68,
    0.62,
    0.65,
    0.71,
    0.65,
    0.79,
    0.65,
    0.68,
    0.73,
    0.61,
    0.63,
    0.66,
    0.68,
    0.77,
    0.62,
    0.67,
    0.68,
    0.70,
    0.64,
    0.67,
    0.67,
    0.71,
    0.70,
    0.69,
    0.65,
    0.67,
    0.70,
    0.70,
    0.66,
    0.64,
    0.70,
    0.71,
    0.75,
    0.75,
    0.67,
    0.73,
    0.64,
    0.72,
    0.70,
    0.69,
    0.61,
    0.64,
    0.61,
    0.82,
    0.72,
    0.61,
    0.70,
    0.73,
    0.75,
    0.62,
    0.65,
    0.74,
    0.71,
    0.70,
    0.69,
    0.75,
    0.73,
    0.69,
    0.65,
    0.71,
    0.73,
    0.71,
    0.76,
    0.67,
    0.69,
    0.69,
    0.70,
    0.66,
    0.71,
    0.64,
    0.67,
    0.71,
    0.76,
    0.57,
    0.73,
    0.66,
    0.70,
    0.71,
    0.73,
    0.69,
    0.57,
    0.67,
    0.70,
    0.58,
    0.64,
    0.73,
    0.73,
    0.60,
    0.59,
    0.67,
    0.67,
    0.64,
    0.62,
    0.63,
    0.77,
    0.62,
    0.75,
    0.66,
    0.72,
    0.68,
    0.66,
    0.67,
    0.57,
    0.67,
    0.70,
    0.67,
    0.58,
    0.65,
    0.66,
    0.63,
    0.64,
    0.71,
    0.64,
    0.60,
    0.70,
    0.75,
    0.76,
    0.59,
    0.71,
    0.61,
    0.65,
    0.65,
    0.70,
    0.64,
    0.65,
    0.64,
    0.64,
    0.63,
    0.60,
    0.63,
    0.67,
    0.69,
    0.73,
    0.57,
    0.78,
    0.70,
    0.73,
    0.71,
    0.72,
    0.68,
    0.70,
    0.70,
    0.60,
    0.68,
    0.80,
    0.51,
    0.62,
    0.69,
    0.62,
    0.67,
    0.67,
    0.76,
    0.71,
    0.61,
    0.69,
    0.68,
    0.77,
    0.74,
    0.68,
    0.65,
    0.70,
    0.75,
    0.68,
    0.68,
    0.74,
    0.69,
    0.77,
    0.64,
    0.79,
    0.71,
    0.62,
    0.74,
    0.58,
    0.76,
    0.71,
    0.63,
    0.69,
    0.72,
    0.82,
    0.67,
    0.57,
    0.74,
    0.66,
    0.66,
    0.75,
    0.62,
    0.66,
    0.72,
    0.62,
    0.82,
    0.74,
    0.64,
    0.64,
    0.67,
    0.64,
    0.67,
    0.72,
    0.67,
    0.75,
    0.76,
    0.63,
    0.67,
    0.57,
    0.65,
    0.64,
    0.74,
    0.72,
    0.69,
    0.64,
    0.64,
    0.71,
    0.70,
    0.62,
    0.58,
    0.68,
    0.66,
    0.59,
    0.63,
    0.78,
    0.64,
    0.74,
    0.63,
    0.70,
    0.67,
    0.64,
    0.68,
    0.56,
    0.69,
    0.72,
    0.74,
    0.76,
    0.72,
    0.72,
    0.60,
    0.66,
    0.78,
    0.70,
    0.75,
    0.63,
    0.73,
    0.76,
    0.65,
    0.78,
    0.66,
    0.67,
    0.61,
    0.71,
    0.65,
    0.68,
    0.75,
    0.71,
    0.69,
    0.78,
    0.74,
    0.69,
    0.54,
    0.65,
    0.68,
    0.67,
    0.60,
    0.75,
    0.67,
    0.72,
    0.68,
    0.70,
    0.68,
    0.68,
    0.60,
    0.66,
    0.76,
    0.70,
    0.65,
    0.71,
    0.68,
    0.72,
    0.77,
    0.68,
    0.63,
    0.74,
    0.66,
    0.71,
    0.64,
    0.80,
    0.66,
    0.69,
    0.70,
    0.66,
    0.71,
    0.65,
    0.81,
    0.76,
    0.71,
    0.64,
    0.67,
    0.75,
    0.56,
    0.74,
    0.62,
    0.70,
    0.55,
    0.72,
    0.77,
    0.57,
    0.67,
    0.64,
    0.70,
    0.78,
    0.67,
    0.59,
    0.68,
    0.70,
    0.74,
    0.72,
    0.67,
    0.64,
    0.70,
    0.73,
    0.67,
    0.70,
    0.70,
    0.68,
    0.64,
    0.63,
    0.64,
