neg_ctrl.3c.lr <-
  c(
    0.5259031675032109,
    0.5129684224318659,
    0.4907986389467871,
    0.508706167168485,
    0.5239493978326617,
    0.4708565247873227,
    0.5168114759344599,
    0.5039846672230981,
    0.5265072376183487,
    0.5183627117446182,
    0.5107740544777583,
    0.5532820495897668,
    0.5125876081002941,
    0.4617557341851697,
    0.5511940055533009,
    0.4962919307803797,
    0.5600140232145171,
    0.5069646140568126,
    0.528874391292338,
    0.5285522428149342,
    0.4955898953679198,
    0.4768008431485696,
    0.5132725489064573,
    0.523929643858527,
    0.4727185893514494,
    0.5373990943164175,
    0.5206302213803053,
    0.48944086853922925,
    0.5522932622932624,
    0.5689259452118575,
    0.51278255206265,
    0.5088039759394992,
    0.5637689058776338,
    0.47041061746944096,
    0.5465859449192783,
    0.45772322710307206,
    0.5638909319617744,
    0.5116843013075566,
    0.5358287354066672,
    0.5231540078783944,
    0.5813707705868129,
    0.5365769496204279,
    0.5452654978970769,
    0.46556074656095897,
    0.547958577370342,
    0.5330956539089384,
    0.5158562367864693,
    0.5453280408932978,
    0.504782568737688,
    0.5512391670662345,
    0.5862827777169114,
    0.6114696925041753,
    0.6299112122428948,
    0.5836764567190157,
    0.5774897449878935,
    0.494662965954832,
    0.5495904233035325,
    0.6040881515202399,
    0.5489625680272964,
    0.5696475348045144,
    0.6212286291842258,
    0.5887761706385534,
    0.6083619716595963,
    0.6172561396917292,
    0.5891932716001794,
    0.5767326996285239,
    0.5538859443706738,
    0.6262928827444957,
    0.5032085561497327,
    0.5421485056431735,
    0.5503301074729646,
    0.5854027021365732,
    0.519541107041107,
    0.5876838861531791,
    0.5805907883167784,
    0.6208226061955688,
    0.5484856964252491,
    0.5890095048798512,
    0.5688438231325454,
    0.5902939921166931,
    0.5377335006964636,
    0.5916495081217112,
    0.5992238799063235,
    0.6278293060942607,
    0.5911313867305742,
    0.5858465957384449,
    0.5363033494866968,
    0.5517246936473258,
    0.6286523404964185,
    0.5882198609471337,
    0.6004406861400052,
    0.6146002146002146,
    0.5920940170940171,
    0.5644927536231884,
    0.5761283600208276,
    0.5847042796229577,
    0.5772838214783821,
    0.6032905613086234,
    0.5952586006508601,
    0.533906636503943,
    0.5925396865258097,
    0.5884775225196718,
    0.5888060860114889,
    0.5512803794204135,
    0.5558966899238776,
    0.5721379663274494,
    0.6117443566875771,
    0.6048524253854808,
    0.5476851402154947,
    0.5884768931046597,
    0.5649487665112665,
    0.489421786057796,
    0.5541106067421858,
    0.6207313431748829,
    0.5996331140271439,
    0.5930148925562597,
    0.5753236386019582,
    0.5555427988263809,
    0.5709684330588127,
    0.5788613438522742,
    0.6023565160111345,
    0.5562183994180442,
    0.5243199341644119,
    0.5999933945066461,
    0.5666736623293557,
    0.558089134968932,
    0.5571059759308982,
    0.5700474273400037,
    0.5509163024121743,
    0.5754788846587705,
    0.5683327031828697,
    0.5634414509873177,
    0.6091427544048903,
    0.6227431849396231,
    0.5775237945616171,
    0.5735310725219884,
    0.5687874842113022,
    0.5615489439018851,
    0.5697610608054072,
    0.5143007556051035,
    0.5645933014354068,
    0.5021555567855451,
    0.5701395188746495,
    0.5935102508642524,
    0.5710899863461885,
    0.5134193485902142,
    0.5772206919189399,
    0.535625686709207,
    0.5294627721418999,
    0.6070357956682374,
    0.5459130225898047,
    0.48790550962391926,
    0.4953947847887242,
    0.5264080113704174,
    0.5798509990869744,
    0.5623816738755668,
    0.5497680509871056,
    0.5777921424980247,
    0.5734782258850721,
    0.5311974271505041,
    0.5029012603740864,
    0.5592869371173189,
    0.5398306514185474,
    0.5544266191325015,
    0.5382175619207566,
    0.5708540736973657,
    0.5555555555555556,
    0.5686080825024074,
    0.49124665237197207,
    0.6026064103110915,
    0.5457024984934873,
    0.5361366281672486,
    0.5840395480225989,
    0.5201856688874514,
    0.4973679126823143,
    0.5120205686964625,
    0.4727641381060423,
    0.5184200707776948,
    0.5696598696598696,
    0.5799394991340598,
    0.5081435820623239,
    0.5672294098220024,
    0.5469964807906437,
    0.5671036964567407,
    0.5257974866222289,
    0.5637149076208235,
    0.5296433772127159,
    0.5458150138648064,
    0.5797922225100866,
    0.546327838296013,
    0.5469870898402093,
    0.5647359588187216,
    0.5658580523720736,
    0.5798522307473715,
    0.5024748250554701,
    0.5446450243682368,
    0.5245550274904481,
    0.5252500081039904,
    0.5596389123564567,
    0.5495223730517849,
    0.6727019419599568,
    0.6507281931464174,
    0.6366776712627039,
    0.6119955245430532,
    0.6139665946784519,
    0.6606115521533787,
    0.6317964760877383,
    0.6812173418967319,
    0.5922207648067803,
    0.6458762113602603,
    0.6178876837078443,
    0.635576056380008,
    0.610295621346357,
    0.6766942902527581,
    0.6075711165153681,
    0.6446261329455193,
    0.6993699389193756,
    0.641813018234655,
    0.6679365079365079,
    0.7012453219770293,
    0.6040740740740741,
    0.6499529427214428,
    0.6561140725598817,
    0.6318983675618747,
    0.669014202172097,
    0.6537037037037037,
    0.6673237862171062,
    0.641346272724432,
    0.6638289713354424,
    0.6461621124047779,
    0.6602025752298037,
    0.702103634227265,
    0.7060923985990105,
    0.6033922390409939,
    0.6354971811034104,
    0.68376153013882,
    0.6530330576319693,
    0.636421574232895,
    0.7099794990069831,
    0.6197857447349661,
    0.6265005682314887,
    0.6630447612835089,
    0.6888615988480119,
    0.6862713543737419,
    0.6792421287601756,
    0.6351713268009754,
    0.6859643988411112,
    0.6433875338753388,
    0.6549652405855544,
    0.623854007312654,
    0.5116525912594029,
    0.5307608289973436,
    0.5964434207074706,
    0.5709352161526074,
    0.5274400902116874,
    0.5250061458576919,
    0.5522465328818016,
    0.5601333798520051,
    0.5096649151520372,
    0.5822716548702392,
    0.5797282567841839,
    0.5137854004286376,
    0.5349393956059523,
    0.5729321827682483,
    0.6119014406639787,
    0.5748211867781761,
    0.6197625543995647,
    0.5844863731656185,
    0.6077858219632949,
    0.5361561131023497,
    0.5410069672031655,
    0.5382425494992463,
    0.5158377854030028,
    0.5900027993866533,
    0.5383023786249592,
    0.5674439789471744,
    0.5253957679007647,
    0.5485621000772516,
    0.6161196675060167,
    0.4988778947324995,
    0.5744086225106447,
    0.5573633308432346,
    0.5767690827233048,
    0.5703204735660338,
    0.5624649859943976,
    0.5543569307704329,
    0.5155349053654139,
    0.5530066220603306,
    0.5403166698055487,
    0.534103334103334,
    0.5310797625150908,
    0.6608557871984981,
    0.49119941070943957,
    0.5216381022569778,
    0.5708245243128963,
    0.5292361383193301,
    0.5411590949259747,
    0.541848580552507,
    0.5447630913148155,
    0.5532051282051281,
    0.55171173277812,
    0.5830687830687831,
    0.5746903205726736,
    0.5165924424068499,
    0.6088891950960916,
    0.5523971907603621,
    0.5726456792085268,
    0.5747820254862509,
    0.6544912110949846,
    0.5694756371448101,
    0.5537951631701632,
    0.5825700756519638,
    0.6075036075036074,
    0.5446128763203117,
    0.5638423499819865,
    0.5962350780532599,
    0.5921003932454314,
    0.5535874038289498,
    0.5833077316948284,
    0.5795169895022658,
    0.5507336403055717,
    0.5877647491412944,
    0.6293474301982038,
    0.5752304028166098,
    0.5359408099688473,
    0.5043634558508701,
    0.6501787155540182,
    0.5763966755398823,
    0.5975205550904684,
    0.6203996108658235,
    0.5583615914050698,
    0.5770515613652868,
    0.5713346505501317,
