cux1_degs.molly.3c.lr <- c(
    0.7283772420629363,
    0.7200777617444283,
    0.6987356906986859,
    0.7246792031117416,
    0.7522796035472091,
    0.7331677005603575,
    0.7693555503965078,
    0.7374269005847953,
    0.7325314481596297,
    0.792397176047792,
    0.7376279048249311,
    0.7763997421527612,
    0.7258162127727346,
    0.7088691100903676,
    0.7103486409405738,
    0.7565694322727571,
    0.7691938725163747,
    0.7597482837649808,
    0.7388167388167388,
    0.6814119440870835,
    0.7682131819197963,
    0.7135123465030464,
    0.7293506761628931,
    0.7008275912355536,
    0.7525603698731795,
    0.7429249930118713,
    0.6700396030792506,
    0.6772116772116772,
    0.7003947815718491,
    0.7373574161433987,
    0.7358314095512553,
    0.704214453668602,
    0.7363965130300608,
    0.7400950602170115,
    0.740267980442653,
    0.7183937956826685,
    0.6782192760122182,
    0.709191934952584,
    0.7575151809325629,
    0.730637170409735,
    0.7439224587412608,
    0.7481527736964116,
    0.7491027491027492,
    0.7113948096502062,
    0.7344984122318422,
    0.7337738856617575,
    0.7162327390876833,
    0.7142078880191205,
    0.7157028943242265,
    0.7865879318464731,
    0.7850970838586937,
    0.7258962302065751,
    0.7177817389582094,
    0.6328884799904121,
    0.7389854646080902,
    0.7030753699023998,
    0.7356463032926394,
    0.744449083125626,
    0.7120796083439762,
    0.7330737549662324,
    0.6920129334736309,
    0.709065378307114,
    0.7550456016475433,
    0.7404648145236742,
    0.7651825998758087,
    0.7307365715121669,
    0.7480803897277423,
    0.6930795973937567,
    0.7041067238036937,
    0.6905501154366691,
    0.7246894471564075,
    0.7660082719338246,
    0.7218803621041757,
    0.6638537271448665,
    0.7575949980288786,
    0.7291442468460252,
    0.7023521470095858,
    0.734935463671456,
    0.718364665234227,
    0.7056494480032711,
    0.7234213585404943,
    0.7364024848756383,
    0.7019061246196209,
    0.7624780263078135,
    0.6679183353189697,
    0.7459761784404128,
    0.7525496136855084,
    0.7489358770765806,
    0.6913646169642255,
    0.7822337962962963,
    0.7475566645872322,
    0.7154232591400733,
    0.7435398041719882,
    0.7725466972635527,
    0.6403041403041403,
    0.6674440962825807,
    0.7438358173385398,
    0.6963437796771131,
    0.7322612828801139,
    0.7673055072435878,
    0.6866322083713389,
    0.7182417087082401,
    0.753446780644933,
    0.7421531187488634,
    0.7224766990201438,
    0.7005708140701588,
    0.6903205726735138,
    0.7867648149631646,
    0.7249339491491957,
    0.7129936876632912,
    0.6975013290802764,
    0.710120938550142,
    0.7053103650614023,
    0.7390531755835443,
    0.7061625115656353,
    0.7559582919563059,
    0.6875700838549136,
    0.7184341535371767,
    0.7527904871081493,
    0.6362619618326876,
    0.7108270467368453,
    0.7259986882130259,
    0.7716642851816852,
    0.6994958056682341,
    0.6893193667192806,
    0.7337458453895099,
    0.7336838759147267,
    0.7313150705290443,
    0.7600398686124094,
    0.6537343003635995,
    0.7287295953498504,
    0.7791775199305392,
    0.7442243542028506,
    0.7220297220297219,
    0.7496450386176122,
    0.7355236534154703,
    0.7407521635323234,
    0.734280614469213,
    0.7092960353746913,
    0.662227602905569,
    0.702312130452834,
    0.7019332740372931,
    0.7542779213321849,
    0.7483590953062952,
    0.7121359369351342,
    0.7660967522213453,
    0.7707463011718164,
    0.7294621283158849,
    0.7373987726357071,
    0.700049379094308,
    0.7182236297584885,
    0.7086499919833255,
    0.742932424201587,
    0.7480085784313726,
    0.7343460920224406,
    0.7234312156900486,
    0.7646879002442613,
    0.7207555288380814,
    0.7394591873426825,
    0.7285586147887586,
    0.7136741823083433,
    0.6963039814549076,
    0.7303963177281917,
    0.7840685639331504,
    0.7290723624845431,
    0.7314043772465046,
    0.7255327654178038,
    0.7295215141114064,
    0.7392875855654802,
    0.6854082998661312,
    0.7605158778905187,
    0.7815447808540837,
    0.7242671542001183,
    0.7245686820136606,
    0.7614190782067869,
    0.6933440770777014,
    0.7430205415499533,
    0.7249131022715929,
    0.6952525252525253,
    0.7904445568532305,
    0.7590403853089717,
    0.7077883205334187,
    0.7440499933519478,
    0.7194374825953774,
    0.7438394268428068,
    0.7588604260623529,
    0.6920483733290075,
    0.731166235506359,
    0.7564461437900111,
    0.6927572463083401,
    0.734019530011607,
    0.7554120628124422,
    0.7586554882782176,
    0.7402584876543209,
    0.7750739668854925,
    0.6824560028894394,
    0.6952701527393432,
    0.7454445444544454,
    0.7559899032306552,
    0.7859339590241289,
    0.694716242661448,
    0.7416842413836289,
    0.752887376609527,
    0.7421781705278242,
    0.7509812721641546,
    0.7193275686842938,
    0.7083119059863247,
    0.753466906741243,
    0.7478322554873723,
    0.744597600492797,
    0.7538227666994546,
    0.7466262239250745,
    0.7194620370642762,
    0.7261891980112817,
    0.6803964406382644,
    0.7274492061892786,
    0.6799852649112691,
    0.7277328146893364,
    0.6723954485990857,
    0.7135265889301458,
    0.7408219810667284,
    0.7328983438416712,
    0.7279047692347161,
    0.7669517794104891,
    0.7234001884201088,
    0.7319550460199128,
    0.729343774144914,
    0.6937169373307789,
    0.7132864038693635,
    0.7226607673455224,
    0.7217421427908981,
    0.7088788319452245,
    0.7245978911659735,
    0.7145022453188657,
    0.7313917033616919,
    0.7347219732263728,
    0.7577958918664627,
    0.6991638494478251,
    0.7264567600886876,
    0.7353137284171768,
    0.7258392068809562,
    0.7120673664799178,
    0.6992590026645754,
    0.6954799618962629,
    0.7893223716990533,
    0.7128427128427127,
    0.7049368587527519,
    0.7571900636916117,
    0.7401064613286855,
    0.6834488258169484,
    0.7204339386357668,
    0.6860447775837373,
    0.6996980323708448,
    0.6864217310037742,
    0.7317495479204341,
    0.7404626692246411,
    0.6861209130609373,
    0.7447544351073763,
    0.7044392969366614,
    0.7129947556329969,
    0.7393685536927906,
    0.7587428188680218,
    0.7305684222565333,
    0.6963765807834784,
    0.7222831692451944,
    0.7255636086973931,
    0.7178715304539521,
    0.7263279306747975,
    0.7491094079513485,
    0.7071180555555555,
    0.706021363014348,
    0.7129115063541294,
    0.7866834822773091,
    0.6959491394274003,
    0.711124472434955,
    0.694475841466739,
    0.7505730972555616,
    0.690288521522146,
    0.7555062566154828,
    0.6675293627744971,
    0.7236549380965774,
    0.678031330404928,
    0.7219678388705922,
    0.7051970319515958,
    0.7143552684180885,
    0.7374896645782721,
    0.7259792563168929,
    0.7212352147336668,
    0.7342202403071969,
    0.6569787379972566,
    0.7235057324335209,
    0.7525996654426202,
    0.6962948078774889,
    0.6981662818777697,
    0.7421356443155344,
    0.7237250923930189,
    0.7049799559595732,
    0.7197691197691198,
    0.743843635820328,
    0.7051251056086306,
    0.7657704719670653,
    0.7837301154257773,
    0.7297779013375344,
    0.7536152569768794,
    0.7482470056534137,
    0.7584033613445378,
    0.7668477896607708,
    0.7738384047280537,
    0.7781909940129221,
    0.7670370225982093,
    0.7441869398566291,
    0.8114337237773808,
    0.7236453724066666,
    0.7662528748121186,
    0.7419465378766383,
    0.7496615031884741,
    0.7276910213510294,
    0.7274414644529587,
    0.732786830684027,
    0.7431714149074264,
    0.6556837336704594,
    0.7565374440374439,
    0.7334444514772382,
    0.7485740129469499,
    0.7392731057503784,
    0.7252214518716732,
    0.7473838156508824,
    0.7488418826547999,
    0.7457988306600459,
    0.7773727565162494,
    0.760330888208126,
    0.7419892094768943,
    0.7877608884050408,
