cux1_degs.molly.3c.lr <- c(
    0.7424242424242424,
    0.7196969696969697,
    0.696969696969697,
    0.6704545454545454,
    0.7159090909090909,
    0.7575757575757576,
    0.6931818181818182,
    0.7613636363636364,
    0.6893939393939394,
    0.696969696969697,
    0.6931818181818182,
    0.7386363636363636,
    0.7462121212121212,
    0.75,
    0.6742424242424242,
    0.7840909090909091,
    0.6818181818181818,
    0.7196969696969697,
    0.678030303030303,
    0.7310606060606061,
    0.7386363636363636,
    0.7196969696969697,
    0.7159090909090909,
    0.696969696969697,
    0.7537878787878788,
    0.7613636363636364,
    0.7196969696969697,
    0.6893939393939394,
    0.7196969696969697,
    0.6590909090909091,
    0.696969696969697,
    0.7386363636363636,
    0.7121212121212122,
    0.7272727272727273,
    0.7462121212121212,
    0.6931818181818182,
    0.7045454545454546,
    0.7272727272727273,
    0.696969696969697,
    0.6666666666666666,
    0.7196969696969697,
    0.7045454545454546,
    0.7121212121212122,
    0.7386363636363636,
    0.7310606060606061,
    0.7348484848484849,
    0.6818181818181818,
    0.6742424242424242,
    0.7462121212121212,
    0.7121212121212122,
    0.696969696969697,
    0.7272727272727273,
    0.7462121212121212,
    0.75,
    0.7613636363636364,
    0.7310606060606061,
    0.696969696969697,
    0.7462121212121212,
    0.7803030303030303,
    0.7348484848484849,
    0.7348484848484849,
    0.7272727272727273,
    0.7386363636363636,
    0.7689393939393939,
    0.7234848484848485,
    0.7121212121212122,
    0.7045454545454546,
    0.7159090909090909,
    0.7310606060606061,
    0.7348484848484849,
    0.7121212121212122,
    0.7121212121212122,
    0.7537878787878788,
    0.7310606060606061,
    0.7234848484848485,
    0.7234848484848485,
    0.7045454545454546,
    0.7234848484848485,
    0.7272727272727273,
    0.7878787878787878,
    0.7689393939393939,
    0.7083333333333334,
    0.7348484848484849,
    0.7765151515151515,
    0.7159090909090909,
    0.7272727272727273,
    0.7272727272727273,
    0.7007575757575758,
    0.7613636363636364,
    0.7348484848484849,
    0.7310606060606061,
    0.7462121212121212,
    0.7310606060606061,
    0.7613636363636364,
    0.7196969696969697,
    0.6931818181818182,
    0.7234848484848485,
    0.75,
    0.7462121212121212,
    0.7348484848484849,
    0.7310606060606061,
    0.7386363636363636,
    0.7159090909090909,
    0.7651515151515151,
    0.7613636363636364,
    0.7386363636363636,
    0.7083333333333334,
    0.7840909090909091,
    0.7575757575757576,
    0.6704545454545454,
    0.7083333333333334,
    0.7424242424242424,
    0.7727272727272727,
    0.7537878787878788,
    0.7462121212121212,
    0.8143939393939394,
    0.7007575757575758,
    0.7840909090909091,
    0.7575757575757576,
    0.7159090909090909,
    0.7765151515151515,
    0.678030303030303,
    0.6818181818181818,
    0.7196969696969697,
    0.7575757575757576,
    0.7272727272727273,
    0.7462121212121212,
    0.6931818181818182,
    0.696969696969697,
    0.7689393939393939,
    0.7462121212121212,
    0.7727272727272727,
    0.7348484848484849,
    0.7159090909090909,
    0.75,
    0.7386363636363636,
    0.7310606060606061,
    0.7272727272727273,
    0.7386363636363636,
    0.7462121212121212,
    0.7348484848484849,
    0.7121212121212122,
    0.7234848484848485,
    0.7651515151515151,
    0.7803030303030303,
    0.7348484848484849,
    0.7424242424242424,
    0.7537878787878788,
    0.7651515151515151,
    0.7272727272727273,
    0.7196969696969697,
    0.7272727272727273,
    0.7537878787878788,
    0.7613636363636364,
    0.7083333333333334,
    0.7159090909090909,
    0.7424242424242424,
    0.7689393939393939,
    0.7159090909090909,
    0.7613636363636364,
    0.75,
    0.7651515151515151,
    0.7537878787878788,
    0.7462121212121212,
    0.7386363636363636,
    0.7196969696969697,
    0.7424242424242424,
    0.6893939393939394,
    0.7575757575757576,
    0.7196969696969697,
    0.7916666666666666,
    0.7272727272727273,
    0.7234848484848485,
    0.696969696969697,
    0.7462121212121212,
    0.7234848484848485,
    0.7537878787878788,
    0.7234848484848485,
    0.7348484848484849,
    0.7272727272727273,
    0.7348484848484849,
    0.7121212121212122,
    0.7310606060606061,
    0.7386363636363636,
    0.7765151515151515,
    0.7424242424242424,
    0.7310606060606061,
    0.7083333333333334,
    0.7613636363636364,
    0.7424242424242424,
    0.7310606060606061,
    0.7462121212121212,
    0.7765151515151515,
    0.7310606060606061,
    0.7651515151515151,
    0.7992424242424242,
    0.7651515151515151,
    0.7348484848484849,
    0.75,
    0.7196969696969697,
    0.7462121212121212,
    0.7348484848484849,
    0.7272727272727273,
    0.6893939393939394,
    0.7348484848484849,
    0.678030303030303,
    0.7272727272727273,
    0.6856060606060606,
    0.7689393939393939,
    0.7310606060606061,
    0.7386363636363636,
    0.7651515151515151,
    0.6931818181818182,
    0.6931818181818182,
    0.7272727272727273,
    0.7007575757575758,
    0.6893939393939394,
    0.7575757575757576,
    0.7083333333333334,
    0.7083333333333334,
    0.7348484848484849,
    0.7386363636363636,
    0.7348484848484849,
    0.6931818181818182,
    0.7386363636363636,
    0.7272727272727273,
    0.696969696969697,
    0.7765151515151515,
    0.7651515151515151,
    0.7196969696969697,
    0.7651515151515151,
    0.7537878787878788,
    0.696969696969697,
    0.7651515151515151,
    0.7310606060606061,
    0.7196969696969697,
    0.7234848484848485,
    0.7310606060606061,
    0.7386363636363636,
    0.7196969696969697,
    0.7007575757575758,
    0.7272727272727273,
    0.7462121212121212,
    0.7159090909090909,
    0.7234848484848485,
    0.75,
    0.6931818181818182,
    0.7613636363636364,
    0.7310606060606061,
    0.6742424242424242,
    0.7045454545454546,
    0.7840909090909091,
    0.7727272727272727,
    0.8068181818181818,
    0.7348484848484849,
    0.7727272727272727,
    0.7386363636363636,
    0.7878787878787878,
    0.7689393939393939,
    0.7310606060606061,
    0.7613636363636364,
    0.7272727272727273,
    0.7613636363636364,
    0.7537878787878788,
    0.7121212121212122,
    0.7803030303030303,
    0.7234848484848485,
    0.7234848484848485,
    0.7310606060606061,
    0.7462121212121212,
    0.7348484848484849,
    0.7159090909090909,
    0.7348484848484849,
    0.7613636363636364,
    0.7651515151515151,
    0.7196969696969697,
    0.7348484848484849,
    0.7310606060606061,
    0.7386363636363636,
    0.7121212121212122,
    0.7462121212121212,
    0.7575757575757576,
    0.7348484848484849,
    0.7651515151515151,
    0.7537878787878788,
    0.7462121212121212,
    0.7348484848484849,
    0.75,
    0.7348484848484849,
    0.7727272727272727,
    0.7310606060606061,
    0.75,
    0.7272727272727273,
    0.6893939393939394,
    0.7575757575757576,
    0.7651515151515151,
    0.7159090909090909,
    0.7310606060606061,
    0.696969696969697,
    0.7310606060606061,
    0.6856060606060606,
    0.75,
    0.75,
    0.7462121212121212,
    0.7272727272727273,
    0.7272727272727273,
    0.6893939393939394,
    0.7196969696969697,
    0.6590909090909091,
    0.7196969696969697,
    0.7765151515151515,
    0.7007575757575758,
    0.7348484848484849,
    0.7121212121212122,
    0.7272727272727273,
    0.6931818181818182,
    0.6666666666666666,
    0.6931818181818182,
    0.6931818181818182,
    0.7234848484848485,
    0.7045454545454546,
    0.7083333333333334,
    0.6704545454545454,
    0.7310606060606061,
    0.7310606060606061,
    0.7083333333333334,
    0.7462121212121212,
    0.6856060606060606,
    0.7045454545454546,
    0.7462121212121212,
    0.6931818181818182,
    0.7121212121212122,
    0.7424242424242424,
    0.7310606060606061,
    0.7462121212121212,
    0.7424242424242424,
    0.7045454545454546,
    0.7424242424242424,
    0.7537878787878788,
