cux1.jeff.3c.lr <- c(
    0.6515151515151515,
    0.6439393939393939,
    0.625,
    0.6098484848484849,
    0.5984848484848485,
    0.6856060606060606,
    0.6590909090909091,
    0.6856060606060606,
    0.6704545454545454,
    0.6477272727272727,
    0.6856060606060606,
    0.6401515151515151,
    0.6931818181818182,
    0.6553030303030303,
    0.6666666666666666,
    0.6704545454545454,
    0.6098484848484849,
    0.6325757575757576,
    0.6477272727272727,
    0.6136363636363636,
    0.6477272727272727,
    0.6287878787878788,
    0.6325757575757576,
    0.6666666666666666,
    0.6363636363636364,
    0.625,
    0.6287878787878788,
    0.6553030303030303,
    0.6363636363636364,
    0.6590909090909091,
    0.6174242424242424,
    0.6666666666666666,
    0.6628787878787878,
    0.6590909090909091,
    0.6287878787878788,
    0.6136363636363636,
    0.6742424242424242,
    0.6893939393939394,
    0.6022727272727273,
    0.6401515151515151,
    0.6590909090909091,
    0.7007575757575758,
    0.6666666666666666,
    0.6363636363636364,
    0.6666666666666666,
    0.6363636363636364,
    0.6704545454545454,
    0.6439393939393939,
    0.6553030303030303,
    0.6287878787878788,
    0.625,
    0.6553030303030303,
    0.696969696969697,
    0.6553030303030303,
    0.6287878787878788,
    0.5946969696969697,
    0.678030303030303,
    0.6212121212121212,
    0.678030303030303,
    0.6439393939393939,
    0.6287878787878788,
    0.6136363636363636,
    0.6856060606060606,
    0.7007575757575758,
    0.6893939393939394,
    0.6856060606060606,
    0.5984848484848485,
    0.678030303030303,
    0.625,
    0.6439393939393939,
    0.6893939393939394,
    0.6401515151515151,
    0.6856060606060606,
    0.6628787878787878,
    0.5795454545454546,
    0.6325757575757576,
    0.678030303030303,
    0.6401515151515151,
    0.6325757575757576,
    0.696969696969697,
    0.6401515151515151,
    0.7310606060606061,
    0.6666666666666666,
    0.6931818181818182,
    0.678030303030303,
    0.6401515151515151,
    0.6439393939393939,
    0.696969696969697,
    0.6553030303030303,
    0.6818181818181818,
    0.6628787878787878,
    0.6893939393939394,
    0.6515151515151515,
    0.6666666666666666,
    0.6515151515151515,
    0.6742424242424242,
    0.6060606060606061,
    0.6401515151515151,
    0.7007575757575758,
    0.6666666666666666,
    0.6439393939393939,
    0.6439393939393939,
    0.6401515151515151,
    0.625,
    0.6553030303030303,
    0.6477272727272727,
    0.6363636363636364,
    0.678030303030303,
    0.6401515151515151,
    0.625,
    0.5946969696969697,
    0.6287878787878788,
    0.6401515151515151,
    0.6590909090909091,
    0.5946969696969697,
    0.6515151515151515,
    0.6628787878787878,
    0.6363636363636364,
    0.6363636363636364,
    0.6590909090909091,
    0.6704545454545454,
    0.6401515151515151,
    0.6363636363636364,
    0.6477272727272727,
    0.678030303030303,
    0.5871212121212122,
    0.6439393939393939,
    0.6628787878787878,
    0.6515151515151515,
    0.6363636363636364,
    0.6590909090909091,
    0.6439393939393939,
    0.6515151515151515,
    0.6174242424242424,
    0.625,
    0.6401515151515151,
    0.6363636363636364,
    0.6742424242424242,
    0.6515151515151515,
    0.6212121212121212,
    0.6477272727272727,
    0.6136363636363636,
    0.6098484848484849,
    0.6818181818181818,
    0.6704545454545454,
    0.6174242424242424,
    0.6515151515151515,
    0.6022727272727273,
    0.6136363636363636,
    0.625,
    0.6477272727272727,
    0.7007575757575758,
    0.678030303030303,
    0.7045454545454546,
    0.6666666666666666,
    0.6174242424242424,
    0.6477272727272727,
    0.6515151515151515,
    0.6515151515151515,
    0.6477272727272727,
    0.6136363636363636,
    0.6477272727272727,
    0.6856060606060606,
    0.6931818181818182,
    0.6893939393939394,
    0.6136363636363636,
    0.6174242424242424,
    0.6666666666666666,
    0.625,
    0.6212121212121212,
    0.7045454545454546,
    0.6553030303030303,
    0.625,
    0.6628787878787878,
    0.6439393939393939,
    0.6704545454545454,
    0.6628787878787878,
    0.6553030303030303,
    0.6022727272727273,
    0.6212121212121212,
    0.6666666666666666,
    0.6325757575757576,
    0.6401515151515151,
    0.625,
    0.6818181818181818,
    0.6287878787878788,
    0.6325757575757576,
    0.6325757575757576,
    0.6515151515151515,
    0.6515151515151515,
    0.6401515151515151,
    0.6363636363636364,
    0.6628787878787878,
    0.6363636363636364,
    0.6477272727272727,
    0.625,
    0.6666666666666666,
    0.6553030303030303,
    0.6022727272727273,
    0.6401515151515151,
    0.6704545454545454,
    0.6856060606060606,
    0.7310606060606061,
    0.6553030303030303,
    0.6515151515151515,
    0.6401515151515151,
    0.6931818181818182,
    0.6174242424242424,
    0.678030303030303,
    0.6590909090909091,
    0.6590909090909091,
    0.6704545454545454,
    0.6590909090909091,
    0.678030303030303,
    0.6856060606060606,
    0.6856060606060606,
    0.6287878787878788,
    0.7007575757575758,
    0.6325757575757576,
    0.7234848484848485,
    0.6439393939393939,
    0.6439393939393939,
    0.6666666666666666,
    0.6325757575757576,
    0.7121212121212122,
    0.6704545454545454,
    0.6666666666666666,
    0.6931818181818182,
    0.6325757575757576,
    0.6856060606060606,
    0.6666666666666666,
    0.7121212121212122,
    0.7121212121212122,
    0.6704545454545454,
    0.6212121212121212,
    0.6590909090909091,
    0.625,
    0.6856060606060606,
    0.6893939393939394,
    0.6477272727272727,
    0.6515151515151515,
    0.6818181818181818,
    0.6931818181818182,
    0.6363636363636364,
    0.678030303030303,
    0.6742424242424242,
    0.6553030303030303,
    0.6893939393939394,
    0.6666666666666666,
    0.6401515151515151,
    0.6515151515151515,
    0.6742424242424242,
    0.6704545454545454,
    0.6704545454545454,
    0.6287878787878788,
    0.7007575757575758,
    0.6477272727272727,
    0.6818181818181818,
    0.6666666666666666,
    0.6856060606060606,
    0.6856060606060606,
    0.678030303030303,
    0.6742424242424242,
    0.6287878787878788,
    0.625,
    0.6553030303030303,
    0.7045454545454546,
    0.6325757575757576,
    0.7196969696969697,
    0.6704545454545454,
    0.7083333333333334,
    0.6287878787878788,
    0.6931818181818182,
    0.6628787878787878,
    0.6704545454545454,
    0.6401515151515151,
    0.6553030303030303,
    0.6590909090909091,
    0.6590909090909091,
    0.7045454545454546,
    0.6553030303030303,
    0.6212121212121212,
    0.6704545454545454,
    0.6704545454545454,
    0.6401515151515151,
    0.6553030303030303,
    0.7196969696969697,
    0.6704545454545454,
    0.7196969696969697,
    0.6098484848484849,
    0.6856060606060606,
    0.696969696969697,
    0.6439393939393939,
    0.6704545454545454,
    0.678030303030303,
    0.6477272727272727,
    0.6893939393939394,
    0.678030303030303,
    0.6477272727272727,
    0.6704545454545454,
    0.6818181818181818,
    0.7234848484848485,
    0.6477272727272727,
    0.7424242424242424,
    0.678030303030303,
    0.6818181818181818,
    0.6931818181818182,
    0.6704545454545454,
    0.6666666666666666,
    0.6666666666666666,
    0.6590909090909091,
    0.6553030303030303,
    0.6742424242424242,
    0.7083333333333334,
    0.6590909090909091,
    0.6515151515151515,
    0.6931818181818182,
    0.6666666666666666,
    0.6856060606060606,
    0.696969696969697,
    0.6893939393939394,
    0.7045454545454546,
    0.6439393939393939,
    0.7083333333333334,
    0.6439393939393939,
    0.6856060606060606,
    0.6515151515151515,
    0.6515151515151515,
    0.6666666666666666,
    0.6742424242424242,
    0.6401515151515151,
    0.7045454545454546,
    0.7007575757575758,
    0.6931818181818182,
    0.6856060606060606,
    0.7045454545454546,
    0.6477272727272727,
    0.6590909090909091,
    0.6325757575757576,
    0.6363636363636364,
